29,1
29,3
30,5
30,4
30,1
30,3
0,273
0,270
3,2
3,1
3,3
10,173
10,75
10,13
10,163
10,217
10,259
10,265
10,1
10,35
10,2
10,3
11,11
11,10
11,12
11,25
11,27
11,1
11,28
11,2
11,3
9,7
9,1
9,5
9,2
9,3
8,11
8,16
8,14
8,5
8,9
8,1
8,7
8,2
8,3
12,2
12,1
12,3
20,2
20,1
20,3
19,2
19,1
19,3
18,1
18,3
14,1
14,3
13,1
13,3
41,5
41,4
41,3
41,2
41,1
41,0
39,7
39,6
39,5
39,4
39,3
39,2
39,1
2,2
39,0
36,6
36,5
36,4
36,3
2,1
36,2
36,1
2,3
36,0
0,472
0,0
42,34
42,33
42,32
42,31
42,30
42,29
42,28
42,27
42,26
42,25
42,24
